1
2
3
4
5
6
7
8
9
10
11
12
13
14
15
16
17
18
19
20
21
22
23
24
25
26
27
28
29
30
31
32
33
34
36
37
38
39
40
41
42
43
64
111
166
205
225
277
285
298
346
353
362
382
392
431
476
480
481
487
567
609
619
622
643
655
763
767
798
836
856
873
892
903
929
969
978
989
1072
1196
1208
1234
1246
1249
1253
1366
1383
1402
1405
1419
1443
1453
1462
1482
1500
1528
1550
1552
1553
1571
1581
1588
1600
1607
1616
1635
1658
1663
1673
1683
1695
1709
1740
1822
1888
1922
1924
1948
1966
2015
2016
2026
2056
2133
2196
2210
2226
2242
2310
2452
2459
2469
2513
2616
2627
2649
2657
2694
2695
2699
2731
2734
2735
2736
2789
2921
2939
2945
2970
3021
3038
3093
3095
3115
3132
3208
3216
3220
3226
3244
3263
3264
3265
3266
3267
3268
3269
3270
3271
3272
3273
3274
3275
3276
3277
3278
3279
3280
3281
3282
3283
3284
3285
3286
3287
3288
3289
3290
3291
3292
3293
3296
3303
3304
3305
3306
3307
3308
3314
3315
3316
3317
3318
3319
3320
3326
3336
3341
3347
3348
3353
3359
3377
3389
3413
3426
3431
3471
3487
3505
3547
3557
3559
3561
3574
3575
3584
3609
3611
3624
3625
3626
3641
3686
3748
3751
3770
3777
3782
3785
3800
3804
3819
3870
3880
3902
3904
3905
3990
4010
4029
4069
4098
4119
4192
4204
4226
4300
4320
4330
4352
4401
4470
4471
4516
4519
4535
4573
4589
4594
4603
4614
4625
4630
4632
4633
4634
4635
4638
4640
4641
4642
4643
4647
4648
4649
4650
4674
4695
4716
4717
4721
4724
4725
4727
4728
4745
4750
4758
4765
4783
4789
4806
4848
4849
4850
4851
4864
4884
4910
4914
4927
4937
4941
4950
4961
4964
4982
4998
4999
5000
5002
5003
5039
5054
5068
5081
5138
5154
5178
5180
5196
5198
5202
5256
5286
5298
5324
5346
5368
5389
5421
5424
5425
5426
5437
5438
5458
5503
5548
5579
5613
5641
5642
5643
5644
5645
5646
5647
5648
5649
5650
5651
5652
5653
5654
5655
5656
5657
5658
5659
5660
5661
5662
5663
5664
5665
5666
5667
5668
5669
5670
5671
5672
5673
5674
5675
5676
5677
5678
5679
5680
5681
5682
5683
5684
5685
5686
5687
5688
5689
5690
5691
5692
5693
5694
5695
5696
5697
5698
5699
